start
time: 2018-10-10T15-40-08+02-00 ;  user: default15
tab: wz
share_investment: 0.15
share_agrar: 0.66
share_pi_nr: 5
nr_water: 0.4
nr_land: 0.6
share_pi_fm: 2
fm_crop: 0.7087
fm_animal: 0.2756
fm_export: 0.0157
share_pi_ma: 6
ma_road: 0.4444
ma_storage: 0.5556
share_pi_hr: 1
hr_research: 0.4286
hr_extension: 0.5714
gamma_: 0.05,0.01,0.02,0.01,0.00,0.00,0.02,0.02,0.00,0.00
policy_: 71.97,19.96,29.94,14.14,5.50,0.31,26.61,33.27,4.28,5.70
pillar_budget_: 49.89,19.96,59.87,9.98,71.97
effective_budget_: 137.41,138.60,115.67,137.80,135.91,137.25,114.54,129.04,153.17,142.13,129.29,46.46,164.88,79.47,77.72,76.92,90.18,76.92,76.93,76.74,77.11,90.64,76.68,82.07,82.23,76.70,76.67,89.70,76.73,76.78,76.63,81.79,78.41,78.37,78.40,92.52,78.36,78.26,80.30,72.29,72.43,72.45,72.40
tp_: 6.84,7.16,3.59,6.99,6.47,6.85,3.64,5.33,1.07,2.92,0.94,1.15,3.13,0.07,0.04,0.00,1.12,0.00,0.02,0.00,2.28,0.39,0.00,0.31,3.00,0.00,0.00,4.27,0.01,0.10,1.15,0.52,0.00,0.00,0.00,2.74,0.00,3.45,1.02,1.88,0.81,0.20,1.54
wz_: 0.05,0.01,-0.00,0.08,0.05,0.05,-0.00
z1_: 858.70,902.33,945.96,989.59,1033.22,1076.85,1120.48,1164.11,1207.74,1251.37,1295.00
z2_: 169.19,175.15,181.10,187.06,193.01,198.97,204.92,210.88,216.84,222.79,228.75
z3_: 379.74,378.01,376.28,374.56,372.83,371.11,369.38,367.66,365.93,364.20,362.48
z4_: 121.74,131.37,141.00,150.63,160.26,169.89,179.52,189.15,198.79,208.42,218.05
z5_: 3625.43,3823.13,4020.84,4218.54,4416.24,4613.95,4811.65,5009.35,5207.06,5404.76,5602.46
z6_: 1405.49,1479.60,1553.70,1627.81,1701.92,1776.02,1850.13,1924.24,1998.34,2072.45,2146.56
z7_: 99.96,99.96,99.96,99.96,99.96,99.96,99.96,99.96,99.96,99.95,99.95
score: 1
tab: z5
slider changed: 
share_investment: 0.76
z5: 3625.43,3956.08,4286.74,4617.40,4948.05,5278.71,5609.37,5940.02,6270.68,6601.33,6931.99
score: 109.190
tab: z6
share_investment: 0.76
share_agrar: 0.66
share_pi_nr: 5
nr_water: 0.4
nr_land: 0.6
share_pi_fm: 2
fm_crop: 0.7087
fm_animal: 0.2756
fm_export: 0.0157
share_pi_ma: 6
ma_road: 0.4444
ma_storage: 0.5556
share_pi_hr: 1
hr_research: 0.4286
hr_extension: 0.5714
tab changed 
z6: 1405.49,1533.45,1661.41,1789.38,1917.34,2045.30,2173.27,2301.23,2429.19,2557.15,2685.12
score: 109.190
tab: z6
slider changed: 
share_pi_nr: 7
z6: 1405.49,1532.89,1660.29,1787.69,1915.09,2042.49,2169.89,2297.28,2424.68,2552.08,2679.48
score: 109.077
final score: 109.077
