start
time: 2018-10-22T09-52-41+02-00 ;  user: 1
tab: wz
slider input: 
share_investment: 0.15
share_agrar: 0.66
share_pi_nr: 5
share_pi_fm: 20
share_pi_ma: 5
share_pi_hr: 5
output: 
gamma_: 0.05,0.01,0.00,0.00,0.05,0.00,0.01,0.01,0.01,0.01
policy_: 71.97,14.53,5.43,0.33,76.88,2.63,7.79,12.17,7.18,12.77
pillar_budget_: 19.96,79.84,19.96,19.96,71.97
effective_budget_: 75.73,85.35,50.24,78.76,77.30,82.43,67.53,53.73,13.32,92.29,58.39,33.18,41.71,108.41,27.78,27.53,34.84,27.52,27.53,27.73,27.90,35.10,27.45,30.14,30.17,27.46,27.45,34.83,27.47,27.58,27.39,30.39,28.12,28.09,28.11,41.69,28.09,27.98,30.58,25.71,25.54,25.48,25.65
tp_: 1.49,7.57,0.59,4.48,1.30,5.94,1.44,1.32,2.27,1.46,0.81,5.19,0.00,0.58,0.01,0.00,0.05,0.00,0.02,0.00,1.31,0.00,0.00,0.05,0.74,0.00,0.00,2.57,0.00,0.16,0.83,0.84,0.00,0.00,0.00,0.09,0.00,3.29,0.09,0.92,0.22,0.08,0.46
wz_: 0.30,0.04,0.57,0.49,0.28,0.32,-0.00
z1_: 858.70,1115.04,1371.39,1627.73,1884.07,2140.42,2396.76,2653.11,2909.45,3165.80,3422.14
z2_: 43.60,33.75,23.90,14.04,4.19,-5.67,-15.52,-25.37,-35.23,-45.08,-54.93
z3_: 379.74,596.01,812.28,1028.56,1244.83,1461.11,1677.38,1893.65,2109.93,2326.20,2542.48
z4_: 121.74,180.80,239.85,298.91,357.97,417.03,476.08,535.14,594.20,653.26,712.31
z5_: 3625.43,4642.43,5659.44,6676.44,7693.45,8710.46,9727.46,10744.47,11761.47,12778.48,13795.48
z6_: 1405.49,1852.41,2299.32,2746.24,3193.16,3640.08,4086.99,4533.91,4980.83,5427.75,5874.66
z7_: 99.96,99.96,99.95,99.95,99.94,99.94,99.93,99.93,99.92,99.92,99.92
score: 61.63
tab: wz
slider changed: 
share_investment: 0.27
output: 
wz: 0.33,0.05,0.54,0.57,0.31,0.33,-0.00
score: 46.72
tab changed 
tab: z3
output: 
z3: 379.74,584.73,789.72,994.71,1199.70,1404.70,1609.69,1814.68,2019.67,2224.67,2429.66
score: 46.72
tab: z3
slider changed: 
share_agrar: 0.41
output: 
z3: 379.74,573.39,767.05,960.71,1154.37,1348.03,1541.69,1735.35,1929.01,2122.67,2316.33
score: 39.99
tab: z3
slider changed: 
share_agrar: 0.12
output: 
z3: 379.74,559.53,739.33,919.13,1098.93,1278.73,1458.53,1638.33,1818.13,1997.93,2177.72
score: 34.66
tab: z3
slider changed: 
share_investment: 0.66
output: 
z3: 379.74,497.14,614.54,731.95,849.35,966.76,1084.16,1201.57,1318.97,1436.37,1553.78
score: 7.87
tab: z3
slider changed: 
share_investment: 0.42
output: 
z3: 379.74,532.67,685.60,838.54,991.47,1144.41,1297.34,1450.27,1603.21,1756.14,1909.08
score: 20.39
tab: z3
slider changed: 
share_agrar: 0.8
output: 
z3: 379.74,589.74,799.75,1009.76,1219.77,1429.77,1639.78,1849.79,2059.80,2269.80,2479.81
score: 38.60
tab: z3
slider changed: 
share_pi_fm: 38
output: 
z3: 379.74,568.48,757.22,945.97,1134.71,1323.46,1512.20,1700.95,1889.69,2078.44,2267.18
score: 30.24
tab: z3
slider changed: 
share_pi_ma: 30.3
output: 
z3: 379.74,602.59,825.45,1048.31,1271.16,1494.02,1716.88,1939.73,2162.59,2385.45,2608.30
score: 43.89
tab changed 
tab: z2
output: 
z2: 43.60,25.38,7.17,-11.05,-29.27,-47.49,-65.71,-83.93,-102.15,-120.36,-138.58
score: 43.89
tab: z2
slider changed: 
share_pi_ma: 19.6
output: 
z2: 43.60,26.31,9.01,-8.29,-25.59,-42.89,-60.18,-77.48,-94.78,-112.08,-129.38
score: 39.67
tab: z2
slider changed: 
share_pi_hr: 28.3
output: 
z2: 43.60,22.56,1.52,-19.53,-40.57,-61.61,-82.66,-103.70,-124.74,-145.79,-166.83
score: 58.92
tab: z2
slider changed: 
share_pi_nr: 20.7
output: 
z2: 43.60,22.98,2.35,-18.27,-38.90,-59.53,-80.15,-100.78,-121.40,-142.03,-162.66
score: 54.78
tab: z2
slider changed: 
share_agrar: 0.49
output: 
z2: 43.60,26.32,9.04,-8.25,-25.53,-42.81,-60.10,-77.38,-94.66,-111.95,-129.23
score: 39.95
tab: z2
slider changed: 
share_investment: 0.58
output: 
z2: 43.60,21.05,-1.50,-24.06,-46.61,-69.17,-91.72,-114.27,-136.83,-159.38,-181.93
score: 31.97
tab: z2
slider changed: 
share_investment: 0.27
output: 
z2: 43.60,30.89,18.17,5.45,-7.26,-19.98,-32.70,-45.41,-58.13,-70.85,-83.56
score: 48.33
tab: z2
slider changed: 
share_investment: 0.1
output: 
z2: 43.60,34.47,25.34,16.20,7.07,-2.06,-11.19,-20.33,-29.46,-38.59,-47.72
score: 71.94
final score: 71.94
end
