start
time: 2018-10-11T13-50-56+02-00 ;  user: default6
tab: wz
slider input: 
share_investment: 0.15
share_agrar: 0.66
share_pi_nr: 5
nr_water: 0.4
nr_land: 0.6
share_pi_fm: 2
fm_crop: 0.7087
fm_animal: 0.2756
fm_export: 0.0157
share_pi_ma: 6
ma_road: 0.4444
ma_storage: 0.5556
share_pi_hr: 1
hr_research: 0.4286
hr_extension: 0.5714
output: 
gamma_: 0.05,0.01,0.02,0.01,0.00,0.00,0.02,0.02,0.00,0.00
policy_: 71.97,19.96,29.94,14.14,5.50,0.31,26.61,33.27,4.28,5.70
pillar_budget_: 49.89,19.96,59.87,9.98,71.97
effective_budget_: 137.41,138.60,115.67,137.80,135.91,137.25,114.54,129.04,153.17,142.13,129.29,46.46,164.88,79.47,77.72,76.92,90.18,76.92,76.93,76.74,77.11,90.64,76.68,82.07,82.23,76.70,76.67,89.70,76.73,76.78,76.63,81.79,78.41,78.37,78.40,92.52,78.36,78.26,80.30,72.29,72.43,72.45,72.40
tp_: 6.84,7.16,3.59,6.99,6.47,6.85,3.64,5.33,1.07,2.92,0.94,1.15,3.13,0.07,0.04,0.00,1.12,0.00,0.02,0.00,2.28,0.39,0.00,0.31,3.00,0.00,0.00,4.27,0.01,0.10,1.15,0.52,0.00,0.00,0.00,2.74,0.00,3.45,1.02,1.88,0.81,0.20,1.54
wz_: 0.05,0.01,-0.00,0.08,0.05,0.05,-0.00
z1_: 858.70,902.33,945.96,989.59,1033.22,1076.85,1120.48,1164.11,1207.74,1251.37,1295.00
z2_: 169.19,175.15,181.10,187.06,193.01,198.97,204.92,210.88,216.84,222.79,228.75
z3_: 379.74,378.01,376.28,374.56,372.83,371.11,369.38,367.66,365.93,364.20,362.48
z4_: 121.74,131.37,141.00,150.63,160.26,169.89,179.52,189.15,198.79,208.42,218.05
z5_: 3625.43,3823.13,4020.84,4218.54,4416.24,4613.95,4811.65,5009.35,5207.06,5404.76,5602.46
z6_: 1405.49,1479.60,1553.70,1627.81,1701.92,1776.02,1850.13,1924.24,1998.34,2072.45,2146.56
z7_: 99.96,99.96,99.96,99.96,99.96,99.96,99.96,99.96,99.96,99.95,99.95
score: 389.042
tab: wz
slider changed: 
share_investment: 0.57
output: 
wz: 0.08,0.02,-0.29,0.11,0.09,0.08,-0.00
score: 107.394
tab changed 
tab: z4
output: 
z4: 121.74,135.27,148.81,162.34,175.87,189.40,202.94,216.47,230.00,243.53,257.07
score: 107.394
tab: z4
slider changed: 
share_agrar: 0.35
output: 
z4: 121.74,135.07,148.41,161.74,175.08,188.41,201.75,215.08,228.42,241.75,255.09
score: 110.145
tab: z4
slider changed: 
share_investment: 0.72
output: 
z4: 121.74,135.33,148.93,162.52,176.11,189.71,203.30,216.89,230.49,244.08,257.68
score: 111.068
tab changed 
tab: z7
output: 
z7: 99.96,99.96,99.96,99.96,99.96,99.95,99.95,99.95,99.95,99.95,99.95
score: 111.068
end
