start 
time: 2018-11-06T16-29-36+01-00 ;  user: default1541518176.359582 
question: {"z1_1"=>"1", "z1_4"=>"", "z1_5"=>"", "z1_6"=>"", "z1_7"=>""} 
tab: Alle Ziele
slider input: 
share_investment: 0.15
share_agrar: 0.66
share_pi_nr: 5
share_pi_fm: 20
share_pi_ma: 5
share_pi_hr: 5
output: 
gamma_: 0.05,0.01,0.00,0.00,0.05,0.00,0.01,0.01,0.01,0.01
policy_: 71.97,14.53,5.43,0.33,76.88,2.63,7.79,12.17,7.18,12.77
pillar_budget_: 19.96,79.84,19.96,19.96,71.97
effective_budget_: 75.73,85.35,50.24,78.76,77.30,82.43,67.53,53.73,13.32,92.29,58.39,33.18,41.71,108.41,27.78,27.53,34.84,27.52,27.53,27.73,27.90,35.10,27.45,30.14,30.17,27.46,27.45,34.83,27.47,27.58,27.39,30.39,28.12,28.09,28.11,41.69,28.09,27.98,30.58,25.71,25.54,25.48,25.65
tp_: 1.49,7.57,0.59,4.48,1.30,5.94,1.44,1.32,2.27,1.46,0.81,5.19,0.00,0.58,0.01,0.00,0.05,0.00,0.02,0.00,1.31,0.00,0.00,0.05,0.74,0.00,0.00,2.57,0.00,0.16,0.83,0.84,0.00,0.00,0.00,0.09,0.00,3.29,0.09,0.92,0.22,0.08,0.46
wz_: 0.30,0.04,0.57,0.49,0.28,0.32,-0.00
z1_: 858.70,901.42,944.14,986.87,1029.59,1072.32,1115.04,1157.77,1200.49,1243.21,1285.94
z2_: 43.60,41.96,40.32,38.68,37.03,35.39,33.75,32.11,30.46,28.82,27.18
z3_: 379.74,415.78,451.83,487.87,523.92,559.96,596.01,632.06,668.10,704.15,740.19
z4_: 121.74,131.58,141.43,151.27,161.11,170.95,180.80,190.64,200.48,210.33,220.17
z5_: 3625.43,3794.93,3964.43,4133.93,4303.43,4472.93,4642.43,4811.93,4981.44,5150.94,5320.44
z6_: 1405.49,1479.98,1554.46,1628.95,1703.43,1777.92,1852.41,1926.89,2001.38,2075.87,2150.35
z7_: 99.96,99.96,99.96,99.96,99.96,99.96,99.96,99.96,99.96,99.95,99.95
score: 61.63
tab: Alle Ziele
slider changed: 
share_investment: 0.31
output: 
Alle Ziele: 3625.43,3818.85,4012.27,4205.69,4399.11,4592.53,4785.95,4979.37,5172.79,5366.21,5559.63
score: 41.55
tab changed 
tab: z7: Nachhaltigkeit
output: 
tab: z7: Nachhaltigkeit
slider changed: 
share_agrar: 0.72
output: 
tab changed 
tab: z6: Gewinn Industrie
output: 
tab: z6: Gewinn Industrie
slider changed: 
share_investment: 0.41
output: 
tab changed 
tab: Alle Ziele
output: 
Alle Ziele: 3625.43,3840.97,4056.52,4272.06,4487.60,4703.15,4918.69,5134.23,5349.78,5565.32,5780.87
score: 36.21
final score: 36.21
question: {"z1_1"=>"1", "z1_4"=>"", "z1_5"=>"", "z1_6"=>"", "z1_7"=>""} 
end 
