start 
time: 2018-11-06T16-21-46+01-00 ;  user: default1541517706.5814521 
question: {"z1_1"=>"1", "z2_1"=>"2", "z1_4"=>"", "z1_5"=>"", "z1_6"=>"", "z1_7"=>""} 
tab: Alle Ziele
slider input: 
share_investment: 0.15
share_agrar: 0.66
share_pi_nr: 5
share_pi_fm: 20
share_pi_ma: 5
share_pi_hr: 5
output: 
gamma_: 0.05,0.01,0.00,0.00,0.05,0.00,0.01,0.01,0.01,0.01
policy_: 71.97,14.53,5.43,0.33,76.88,2.63,7.79,12.17,7.18,12.77
pillar_budget_: 19.96,79.84,19.96,19.96,71.97
effective_budget_: 75.73,85.35,50.24,78.76,77.30,82.43,67.53,53.73,13.32,92.29,58.39,33.18,41.71,108.41,27.78,27.53,34.84,27.52,27.53,27.73,27.90,35.10,27.45,30.14,30.17,27.46,27.45,34.83,27.47,27.58,27.39,30.39,28.12,28.09,28.11,41.69,28.09,27.98,30.58,25.71,25.54,25.48,25.65
tp_: 1.49,7.57,0.59,4.48,1.30,5.94,1.44,1.32,2.27,1.46,0.81,5.19,0.00,0.58,0.01,0.00,0.05,0.00,0.02,0.00,1.31,0.00,0.00,0.05,0.74,0.00,0.00,2.57,0.00,0.16,0.83,0.84,0.00,0.00,0.00,0.09,0.00,3.29,0.09,0.92,0.22,0.08,0.46
wz_: 0.30,0.04,0.57,0.49,0.28,0.32,-0.00
z1_: 858.70,901.42,944.14,986.87,1029.59,1072.32,1115.04,1157.77,1200.49,1243.21,1285.94
z2_: 43.60,41.96,40.32,38.68,37.03,35.39,33.75,32.11,30.46,28.82,27.18
z3_: 379.74,415.78,451.83,487.87,523.92,559.96,596.01,632.06,668.10,704.15,740.19
z4_: 121.74,131.58,141.43,151.27,161.11,170.95,180.80,190.64,200.48,210.33,220.17
z5_: 3625.43,3794.93,3964.43,4133.93,4303.43,4472.93,4642.43,4811.93,4981.44,5150.94,5320.44
z6_: 1405.49,1479.98,1554.46,1628.95,1703.43,1777.92,1852.41,1926.89,2001.38,2075.87,2150.35
z7_: 99.96,99.96,99.96,99.96,99.96,99.96,99.96,99.96,99.96,99.95,99.95
score: 61.63
tab: Alle Ziele
slider changed: 
share_investment: 0.28
output: 
Alle Ziele: 3625.43,3813.69,4001.95,4190.22,4378.48,4566.74,4755.00,4943.26,5131.53,5319.79,5508.05
score: 45.46
tab: Alle Ziele
slider changed: 
share_agrar: 0.76
output: 
Alle Ziele: 3625.43,3816.75,4008.08,4199.41,4390.73,4582.06,4773.38,4964.71,5156.03,5347.36,5538.69
score: 47.33
tab changed 
tab: z1: Einkommen Land
output: 
z1: Einkommen Land: 1405.49,1482.52,1559.54,1636.57,1713.60,1790.62,1867.65,1944.68,2021.71,2098.73,2175.76
score: 47.33
tab: z1: Einkommen Land
slider changed: 
share_pi_nr: 3.6
output: 
z1: Einkommen Land: 1405.49,1482.89,1560.28,1637.68,1715.08,1792.48,1869.88,1947.27,2024.67,2102.07,2179.47
score: 47.33
tab: z1: Einkommen Land
slider changed: 
share_pi_fm: 6.4
output: 
z1: Einkommen Land: 1405.49,1484.29,1563.10,1641.90,1720.71,1799.51,1878.32,1957.12,2035.93,2114.73,2193.54
score: 61.08
tab changed 
tab: Alle Ziele
output: 
Alle Ziele: 3625.43,3831.62,4037.81,4244.00,4450.19,4656.38,4862.57,5068.76,5274.96,5481.15,5687.34
score: 61.08
tab: Alle Ziele
slider changed: 
share_investment: 0.41
output: 
Alle Ziele: 3625.43,3868.22,4111.01,4353.80,4596.60,4839.39,5082.18,5324.97,5567.76,5810.56,6053.35
score: 58.40
final score: 58.40
question: {"z1_1"=>"1", "z1_4"=>"", "z1_5"=>"", "z1_6"=>"", "z1_7"=>""} 
end 
